Juan Perez
8.25 6.00 7.50 4.75 9.75 5.25 2.50 3.75 6.00
Maria Garcia
9.25 2.00 5.25 8.75 6.25 7.25 4.50 3.75 1.25
Carlos Lopez
7.25 9.00 6.75 3.75 8.00 4.25 2.50 6.75 9.50
Laura Rodriguez
5.25 3.00 8.25 2.75 7.25 9.25 4.50 6.75 1.25
Jose Martinez
8.25 6.00 9.50 7.75 4.75 5.25 1.50 3.75 2.00
Ana Sanchez
6.25 9.00 3.75 2.75 5.00 8.25 1.50 7.75 4.50
Miguel Torres
4.25 7.00 2.50 9.75 6.75 3.25 8.50 4.75 5.00
Sofia Ramirez
2.25 6.00 9.25 5.75 3.25 2.25 8.50 7.75 4.25
Daniel Herrera
9.25 1.00 3.75 4.75 2.00 6.25 5.50 8.75 7.50